 032172
 020210
 172137
 153616
 052377
 071162
 171143
 155056
 155465
 176254
 146360
 041452
 063300
 124726
 104524
 077532
 064432
 105700
 044564
 170606
 156452
 022167
 025472
 112742
 014545
 075241
 061562
 033536
 035240
 124640
 105554
 153322
 036273
 066545
 065606
 162525
 036261
 047434
 002213
 126613
 045337
 033047
 040751
 007511
 060353
 120057
 166126
 007555
 012505
 066556
 053330
 044134
 003450
 157160
 101220
 076344
 017670
 064117
 154023
 104634
 030477
 004264
 003371
 026513
 034226
 046223
 177102
 172433
 066301
 136575
 046224
 121024
 057053
 176626
 132366
 001475
 032013
 010516
 171662
 165037
 170723
 032032
 074723
 120104
 017616
 121127
 047635
 104437
 162522
 167021
 054111
 012556
 125542
 025714
 010333
 056310
 042555
 066544
 004731
 005012
 012061
 170016
 022554
 176161
 176425
 037745
 064362
 133471
 047615
 177103
 000302
 001342
 051325
 007000
 031121
 057125
 101267
 034244
 013442
 103107
 072227
 005351
 131161
 177065
 076703
 132611
 101772
 172502
 144305
 063250
 133271
 160554
 155376
 124151
 034123
 152265
 150045
 007605
 126013
 047340
 122000
 153010
 024151
 020537
 105637
 012224
 133366
 113547
 061473
 042155
